# https://www.data.jma.go.jp/stats/etrn/index.php からつくばを指定してダウンロード。
# 各行の意味
# 年月日、 平均気温、平均気温品質情報、平均気温均質番号、 最高気温、最高気温品質情報、最高気温均質番号、 最低気温、最低気温品質情報、最低気温均質番号、
# 品質情報、均質番号については
# https://www.data.jma.go.jp/risk/obsdl/top/help3.html
#ダウンロードした時刻：2024/05/09 13:20:04
#
#,つくば（館野）,つくば（館野）,つくば（館野）,つくば（館野）,つくば（館野）,つくば（館野）,つくば（館野）,つくば（館野）,つくば（館野）
#年月日,平均気温(℃),平均気温(℃),平均気温(℃),最高気温(℃),最高気温(℃),最高気温(℃),最低気温(℃),最低気温(℃),最低気温(℃)
#,,,,,,,,,
#,,品質情報,均質番号,,品質情報,均質番号,,品質情報,均質番号
2023/1/1,3.5,8,1,13.2,8,1,-4.0,8,1
2023/1/2,3.2,8,1,10.8,8,1,-3.5,8,1
2023/1/3,4.5,8,1,10.9,8,1,-1.4,8,1
2023/1/4,3.6,8,1,10.6,8,1,-3.7,8,1
2023/1/5,3.7,8,1,9.9,8,1,-2.0,8,1
2023/1/6,2.3,8,1,9.5,8,1,-5.3,8,1
2023/1/7,3.7,8,1,10.1,8,1,-1.1,8,1
2023/1/8,4.3,8,1,11.9,8,1,-3.5,8,1
2023/1/9,5.3,8,1,13.9,8,1,-1.8,8,1
2023/1/10,3.6,8,1,8.5,8,1,-2.8,8,1
2023/1/11,1.7,8,1,10.5,8,1,-5.7,8,1
2023/1/12,3.1,8,1,12.7,8,1,-4.3,8,1
2023/1/13,5.9,8,1,15.0,8,1,-3.1,8,1
2023/1/14,6.5,8,1,10.6,8,1,1.5,8,1
2023/1/15,8.7,8,1,10.7,8,1,5.7,8,1
2023/1/16,4.8,8,1,7.1,8,1,-0.3,8,1
2023/1/17,1.7,8,1,6.4,8,1,-3.3,8,1
2023/1/18,6.5,8,1,12.1,8,1,2.6,8,1
2023/1/19,5.1,8,1,8.7,8,1,0.1,8,1
2023/1/20,7.1,8,1,12.2,8,1,3.1,8,1
2023/1/21,4.2,8,1,8.6,8,1,-1.9,8,1
2023/1/22,2.6,8,1,8.1,8,1,-1.5,8,1
2023/1/23,3.1,8,1,5.5,8,1,-0.4,8,1
2023/1/24,2.6,8,1,10.1,8,1,-2.6,8,1
2023/1/25,-1.5,8,1,2.4,8,1,-4.5,8,1
2023/1/26,1.4,8,1,8.8,8,1,-5.2,8,1
2023/1/27,2.2,8,1,5.9,8,1,-1.8,8,1
2023/1/28,0.8,8,1,6.9,8,1,-5.3,8,1
2023/1/29,0.2,8,1,8.3,8,1,-7.5,8,1
2023/1/30,2.3,8,1,10.5,8,1,-5.0,8,1
2023/1/31,2.6,8,1,7.7,8,1,-2.5,8,1
2023/2/1,3.8,8,1,13.3,8,1,-5.5,8,1
2023/2/2,4.5,8,1,9.7,8,1,-1.3,8,1
2023/2/3,3.3,8,1,6.3,8,1,-0.3,8,1
2023/2/4,5.0,8,1,11.2,8,1,0.3,8,1
2023/2/5,4.3,8,1,11.3,8,1,-2.8,8,1
2023/2/6,6.0,8,1,14.2,8,1,-1.3,8,1
2023/2/7,8.9,8,1,15.5,8,1,3.5,8,1
2023/2/8,7.7,8,1,12.1,8,1,1.4,8,1
2023/2/9,3.7,8,1,10.4,8,1,-1.9,8,1
2023/2/10,1.1,8,1,2.6,8,1,-2.6,8,1
2023/2/11,6.5,8,1,13.4,8,1,-0.7,8,1
2023/2/12,8.9,8,1,16.7,8,1,0.9,8,1
2023/2/13,6.9,8,1,9.0,8,1,2.8,8,1
2023/2/14,3.9,8,1,10.7,8,1,-2.1,8,1
2023/2/15,1.9,8,1,7.9,8,1,-4.0,8,1
2023/2/16,0.8,8,1,7.7,8,1,-6.8,8,1
2023/2/17,3.4,8,1,11.4,8,1,-3.5,8,1
2023/2/18,6.3,8,1,15.4,8,1,-2.6,8,1
2023/2/19,10.8,8,1,18.2,8,1,3.3,8,1
2023/2/20,8.1,8,1,13.9,8,1,0.1,8,1
2023/2/21,2.5,8,1,8.8,8,1,-2.3,8,1
2023/2/22,2.8,8,1,9.9,8,1,-5.2,8,1
2023/2/23,6.9,8,1,13.8,8,1,3.1,8,1
2023/2/24,7.4,8,1,12.4,8,1,2.0,8,1
2023/2/25,6.7,8,1,12.1,8,1,2.9,8,1
2023/2/26,4.8,8,1,11.0,8,1,-2.5,8,1
2023/2/27,5.2,8,1,13.9,8,1,-3.4,8,1
2023/2/28,9.0,8,1,18.6,8,1,-2.4,8,1
2023/3/1,11.8,8,1,19.0,8,1,2.4,8,1
2023/3/2,11.3,8,1,19.0,8,1,1.0,8,1
2023/3/3,5.5,8,1,12.2,8,1,-2.4,8,1
2023/3/4,8.9,8,1,15.8,8,1,1.5,8,1
2023/3/5,8.1,8,1,11.8,8,1,3.7,8,1
2023/3/6,8.0,8,1,13.8,8,1,4.3,8,1
2023/3/7,9.8,8,1,18.7,8,1,1.3,8,1
2023/3/8,11.7,8,1,22.1,8,1,2.3,8,1
2023/3/9,14.1,8,1,22.9,8,1,3.8,8,1
2023/3/10,16.6,8,1,23.0,8,1,7.3,8,1
2023/3/11,11.1,8,1,19.8,8,1,2.8,8,1
2023/3/12,12.3,8,1,18.4,8,1,4.1,8,1
2023/3/13,13.2,8,1,18.3,8,1,8.2,8,1
2023/3/14,8.2,8,1,13.7,8,1,4.2,8,1
2023/3/15,9.7,8,1,17.6,8,1,3.1,8,1
2023/3/16,13.3,8,1,21.0,8,1,4.7,8,1
2023/3/17,11.2,8,1,14.2,8,1,7.8,8,1
2023/3/18,7.3,8,1,9.0,8,1,5.2,8,1
2023/3/19,7.9,8,1,14.7,8,1,0.2,8,1
2023/3/20,11.9,8,1,18.7,8,1,3.1,8,1
2023/3/21,13.8,8,1,19.6,8,1,7.1,8,1
2023/3/22,15.3,8,1,21.6,8,1,9.4,8,1
2023/3/23,16.4,8,1,19.7,8,1,13.3,8,1
2023/3/24,17.1,8,1,21.9,8,1,13.1,8,1
2023/3/25,10.4,8,1,13.1,8,1,8.7,8,1
2023/3/26,11.4,8,1,13.4,8,1,9.4,8,1
2023/3/27,12.1,8,1,15.4,8,1,8.6,8,1
2023/3/28,9.6,8,1,13.5,8,1,7.8,8,1
2023/3/29,11.1,8,1,17.4,8,1,3.5,8,1
2023/3/30,13.3,8,1,18.8,8,1,9.0,8,1
2023/3/31,13.8,8,1,20.7,8,1,7.8,8,1
2023/4/1,13.7,8,1,20.2,8,1,6.7,8,1
2023/4/2,12.5,8,1,17.1,8,1,9.1,8,1
2023/4/3,11.1,8,1,17.0,8,1,6.7,8,1
2023/4/4,11.9,8,1,20.3,8,1,2.7,8,1
2023/4/5,14.7,8,1,22.3,8,1,5.5,8,1
2023/4/6,18.3,8,1,23.0,8,1,15.9,8,1
2023/4/7,18.7,8,1,21.0,8,1,17.0,8,1
2023/4/8,12.6,8,1,18.6,8,1,6.8,8,1
2023/4/9,10.3,8,1,17.4,8,1,4.4,8,1
2023/4/10,12.1,8,1,20.2,8,1,1.9,8,1
2023/4/11,16.3,8,1,24.1,8,1,6.4,8,1
2023/4/12,18.0,8,1,24.1,8,1,12.2,8,1
2023/4/13,14.5,8,1,22.5,8,1,5.5,8,1
2023/4/14,16.9,8,1,22.0,8,1,9.4,8,1
2023/4/15,13.8,8,1,16.3,8,1,12.8,8,1
2023/4/16,15.6,8,1,22.9,8,1,12.3,8,1
2023/4/17,13.9,8,1,20.4,8,1,8.5,8,1
2023/4/18,10.5,8,1,16.8,8,1,4.4,8,1
2023/4/19,15.7,8,1,26.1,8,1,7.1,8,1
2023/4/20,19.1,8,1,26.3,8,1,11.6,8,1
2023/4/21,20.8,8,1,27.3,8,1,13.9,8,1
2023/4/22,14.4,8,1,19.0,8,1,8.4,8,1
2023/4/23,12.5,8,1,19.4,8,1,5.1,8,1
2023/4/24,11.7,8,1,15.8,8,1,7.8,8,1
2023/4/25,12.9,8,1,17.4,8,1,7.6,8,1
2023/4/26,14.8,8,1,19.6,8,1,11.9,8,1
2023/4/27,15.4,8,1,22.8,8,1,7.4,8,1
2023/4/28,17.5,8,1,23.6,8,1,10.5,8,1
2023/4/29,18.6,8,1,23.4,8,1,12.2,8,1
2023/4/30,18.7,8,1,21.7,8,1,15.1,8,1
2023/5/1,16.6,8,1,21.9,8,1,11.7,8,1
2023/5/2,14.8,8,1,21.3,8,1,8.7,8,1
2023/5/3,16.5,8,1,24.4,8,1,7.3,8,1
2023/5/4,18.6,8,1,25.8,8,1,11.2,8,1
2023/5/5,19.3,8,1,25.2,8,1,11.5,8,1
2023/5/6,23.0,8,1,28.1,8,1,19.3,8,1
2023/5/7,14.9,8,1,22.2,8,1,11.1,8,1
2023/5/8,11.4,8,1,15.4,8,1,6.7,8,1
2023/5/9,12.5,8,1,18.9,8,1,5.9,8,1
2023/5/10,15.7,8,1,23.1,8,1,6.9,8,1
2023/5/11,14.9,8,1,20.3,8,1,9.5,8,1
2023/5/12,14.7,8,1,20.0,8,1,7.0,8,1
2023/5/13,15.1,8,1,19.7,8,1,12.6,8,1
2023/5/14,17.1,8,1,22.1,8,1,13.0,8,1
2023/5/15,15.8,8,1,18.8,8,1,13.1,8,1
2023/5/16,17.7,8,1,25.7,8,1,12.0,8,1
2023/5/17,21.4,8,1,31.6,8,1,11.6,8,1
2023/5/18,24.3,8,1,33.3,8,1,15.4,8,1
2023/5/19,20.5,8,1,24.9,8,1,16.7,8,1
2023/5/20,18.4,8,1,23.2,8,1,15.4,8,1
2023/5/21,20.3,8,1,26.0,8,1,14.0,8,1
2023/5/22,20.6,8,1,27.1,8,1,14.3,8,1
2023/5/23,13.2,8,1,15.4,8,1,11.8,8,1
2023/5/24,16.3,8,1,22.9,8,1,10.6,8,1
2023/5/25,17.1,8,1,23.8,8,1,10.2,8,1
2023/5/26,18.5,8,1,25.0,8,1,12.5,8,1
2023/5/27,20.3,8,1,26.6,8,1,13.5,8,1
2023/5/28,20.4,8,1,25.8,8,1,14.2,8,1
2023/5/29,19.5,8,1,21.7,8,1,17.9,8,1
2023/5/30,21.5,8,1,26.3,8,1,18.8,8,1
2023/5/31,18.2,8,1,21.9,8,1,13.3,8,1
2023/6/1,19.7,8,1,25.7,8,1,11.3,8,1
2023/6/2,20.9,8,1,24.0,8,1,19.0,8,1
2023/6/3,18.5,8,1,22.4,8,1,12.6,8,1
2023/6/4,19.6,8,1,27.5,8,1,11.3,8,1
2023/6/5,22.2,8,1,29.5,8,1,15.8,8,1
2023/6/6,20.2,8,1,25.3,8,1,14.7,8,1
2023/6/7,21.2,8,1,28.1,8,1,16.4,8,1
2023/6/8,22.2,8,1,28.2,8,1,16.7,8,1
2023/6/9,20.7,8,1,23.1,8,1,18.6,8,1
2023/6/10,22.2,8,1,26.0,8,1,18.9,8,1
2023/6/11,20.3,8,1,22.0,8,1,19.1,8,1
2023/6/12,20.2,8,1,22.0,8,1,19.4,8,1
2023/6/13,22.9,8,1,28.5,8,1,19.4,8,1
2023/6/14,22.5,8,1,25.4,8,1,20.4,8,1
2023/6/15,21.1,8,1,24.2,8,1,19.8,8,1
2023/6/16,23.0,8,1,29.6,8,1,19.1,8,1
2023/6/17,24.0,8,1,31.8,8,1,16.1,8,1
2023/6/18,24.7,8,1,31.2,8,1,18.4,8,1
2023/6/19,22.0,8,1,25.4,8,1,19.1,8,1
2023/6/20,21.4,8,1,26.3,8,1,17.7,8,1
2023/6/21,20.9,8,1,25.8,8,1,16.2,8,1
2023/6/22,18.6,8,1,21.6,8,1,16.6,8,1
2023/6/23,19.9,8,1,22.8,8,1,16.6,8,1
2023/6/24,23.9,8,1,28.5,8,1,19.7,8,1
2023/6/25,24.7,8,1,29.7,8,1,20.7,8,1
2023/6/26,25.0,8,1,29.3,8,1,21.3,8,1
2023/6/27,24.9,8,1,28.5,8,1,21.4,8,1
2023/6/28,25.9,8,1,32.2,8,1,21.4,8,1
2023/6/29,26.1,8,1,31.8,8,1,22.1,8,1
2023/6/30,26.1,8,1,30.3,8,1,22.1,8,1
2023/7/1,26.0,8,1,29.1,8,1,22.2,8,1
2023/7/2,25.7,8,1,31.6,8,1,21.2,8,1
2023/7/3,26.2,8,1,31.1,8,1,22.5,8,1
2023/7/4,24.8,8,1,29.0,8,1,21.9,8,1
2023/7/5,24.6,8,1,29.1,8,1,20.9,8,1
2023/7/6,24.8,8,1,29.8,8,1,21.2,8,1
2023/7/7,27.8,8,1,35.0,8,1,21.5,8,1
2023/7/8,25.9,8,1,29.5,8,1,22.3,8,1
2023/7/9,27.3,8,1,31.6,8,1,24.1,8,1
2023/7/10,28.9,8,1,35.2,8,1,23.6,8,1
2023/7/11,28.5,8,1,34.8,8,1,23.1,8,1
2023/7/12,27.3,8,1,35.5,8,1,22.4,8,1
2023/7/13,26.4,8,1,30.8,8,1,22.7,8,1
2023/7/14,25.5,8,1,29.2,8,1,22.9,8,1
2023/7/15,27.3,8,1,30.7,8,1,24.0,8,1
2023/7/16,29.7,8,1,36.0,8,1,24.3,8,1
2023/7/17,29.4,8,1,34.7,8,1,24.2,8,1
2023/7/18,29.5,8,1,35.8,8,1,23.1,8,1
2023/7/19,27.3,8,1,31.7,8,1,23.7,8,1
2023/7/20,26.3,8,1,30.9,8,1,23.3,8,1
2023/7/21,25.5,8,1,30.0,8,1,22.1,8,1
2023/7/22,25.3,8,1,30.2,8,1,21.0,8,1
2023/7/23,25.8,8,1,31.6,8,1,20.5,8,1
2023/7/24,27.5,8,1,35.0,8,1,20.4,8,1
2023/7/25,28.5,8,1,36.2,8,1,21.7,8,1
2023/7/26,29.4,8,1,36.6,8,1,22.4,8,1
2023/7/27,29.8,8,1,36.3,8,1,24.6,8,1
2023/7/28,29.7,8,1,36.1,8,1,24.6,8,1
2023/7/29,29.2,8,1,35.6,8,1,23.2,8,1
2023/7/30,29.8,8,1,36.5,8,1,23.2,8,1
2023/7/31,29.6,8,1,36.0,8,1,23.9,8,1
2023/8/1,25.1,8,1,30.9,8,1,22.2,8,1
2023/8/2,28.5,8,1,34.7,8,1,22.2,8,1
2023/8/3,29.6,8,1,34.9,8,1,24.8,8,1
2023/8/4,29.5,8,1,37.1,8,1,23.5,8,1
2023/8/5,29.9,8,1,35.6,8,1,24.6,8,1
2023/8/6,28.2,8,1,33.5,8,1,24.8,8,1
2023/8/7,28.8,8,1,34.1,8,1,24.5,8,1
2023/8/8,28.6,8,1,33.3,8,1,24.8,8,1
2023/8/9,27.9,8,1,32.2,8,1,26.1,8,1
2023/8/10,28.6,8,1,33.9,8,1,25.0,8,1
2023/8/11,27.8,8,1,32.5,8,1,24.6,8,1
2023/8/12,28.2,8,1,33.8,8,1,24.2,8,1
2023/8/13,27.4,8,1,30.8,8,1,25.3,8,1
2023/8/14,27.8,8,1,31.7,8,1,25.7,8,1
2023/8/15,28.2,8,1,33.1,8,1,24.7,8,1
2023/8/16,29.0,8,1,33.7,8,1,25.8,8,1
2023/8/17,29.6,8,1,34.8,8,1,26.0,8,1
2023/8/18,29.5,8,1,35.1,8,1,24.9,8,1
2023/8/19,29.0,8,1,34.6,8,1,24.7,8,1
2023/8/20,29.1,8,1,34.4,8,1,24.5,8,1
2023/8/21,28.9,8,1,33.6,8,1,24.6,8,1
2023/8/22,28.8,8,1,33.0,8,1,26.2,8,1
2023/8/23,28.0,8,1,32.4,8,1,26.2,8,1
2023/8/24,29.1,8,1,34.0,8,1,25.5,8,1
2023/8/25,29.1,8,1,34.7,8,1,24.3,8,1
2023/8/26,28.1,8,1,33.5,8,1,24.1,8,1
2023/8/27,26.6,8,1,31.1,8,1,23.4,8,1
2023/8/28,28.5,8,1,34.0,8,1,23.9,8,1
2023/8/29,28.7,8,1,35.0,8,1,23.8,8,1
2023/8/30,28.6,8,1,34.9,8,1,23.2,8,1
2023/8/31,28.6,8,1,34.6,8,1,24.4,8,1
2023/9/1,28.7,8,1,34.5,8,1,23.5,8,1
2023/9/2,28.4,8,1,34.5,8,1,23.8,8,1
2023/9/3,27.7,8,1,32.6,8,1,24.2,8,1
2023/9/4,26.1,8,1,28.8,8,1,24.5,8,1
2023/9/5,28.7,8,1,33.6,8,1,24.9,8,1
2023/9/6,26.0,8,1,32.4,8,1,22.9,8,1
2023/9/7,25.6,8,1,29.5,8,1,21.7,8,1
2023/9/8,22.5,8,1,24.5,8,1,19.8,8,1
2023/9/9,25.7,8,1,30.5,8,1,22.2,8,1
2023/9/10,27.4,8,1,33.4,8,1,22.0,8,1
2023/9/11,27.3,8,1,32.0,8,1,23.3,8,1
2023/9/12,26.6,8,1,31.3,8,1,21.8,8,1
2023/9/13,26.3,8,1,32.7,8,1,20.7,8,1
2023/9/14,27.9,8,1,33.4,8,1,23.3,8,1
2023/9/15,27.4,8,1,31.9,8,1,23.9,8,1
2023/9/16,27.7,8,1,32.0,8,1,23.4,8,1
2023/9/17,28.4,8,1,33.7,8,1,24.5,8,1
2023/9/18,28.4,8,1,33.4,8,1,23.8,8,1
2023/9/19,27.7,8,1,33.1,8,1,23.2,8,1
2023/9/20,26.4,8,1,31.9,8,1,23.0,8,1
2023/9/21,26.3,8,1,30.3,8,1,21.5,8,1
2023/9/22,24.3,8,1,26.4,8,1,21.8,8,1
2023/9/23,21.3,8,1,24.4,8,1,17.9,8,1
2023/9/24,21.0,8,1,26.0,8,1,16.4,8,1
2023/9/25,20.7,8,1,26.7,8,1,14.9,8,1
2023/9/26,22.4,8,1,27.6,8,1,17.7,8,1
2023/9/27,23.7,8,1,29.5,8,1,20.5,8,1
2023/9/28,25.5,8,1,31.3,8,1,21.8,8,1
2023/9/29,25.1,8,1,28.8,8,1,22.1,8,1
2023/9/30,24.4,8,1,28.2,8,1,21.9,8,1
2023/10/1,23.2,8,1,27.0,8,1,20.9,8,1
2023/10/2,20.9,8,1,25.5,8,1,16.9,8,1
2023/10/3,20.1,8,1,25.9,8,1,12.8,8,1
2023/10/4,18.7,8,1,20.3,8,1,17.3,8,1
2023/10/5,18.4,8,1,22.2,8,1,16.5,8,1
2023/10/6,18.9,8,1,24.2,8,1,12.5,8,1
2023/10/7,16.8,8,1,23.9,8,1,10.8,8,1
2023/10/8,15.9,8,1,21.4,8,1,9.7,8,1
2023/10/9,16.0,8,1,17.5,8,1,14.0,8,1
2023/10/10,18.5,8,1,25.0,8,1,14.1,8,1
2023/10/11,17.0,8,1,23.8,8,1,12.2,8,1
2023/10/12,16.5,8,1,22.7,8,1,10.2,8,1
2023/10/13,15.6,8,1,22.8,8,1,9.9,8,1
2023/10/14,16.1,8,1,23.4,8,1,8.8,8,1
2023/10/15,14.8,8,1,17.3,8,1,13.1,8,1
2023/10/16,17.0,8,1,24.7,8,1,9.5,8,1
2023/10/17,17.4,8,1,25.1,8,1,11.2,8,1
2023/10/18,16.8,8,1,23.6,8,1,9.5,8,1
2023/10/19,18.1,8,1,25.1,8,1,11.5,8,1
2023/10/20,19.7,8,1,26.5,8,1,12.3,8,1
2023/10/21,16.7,8,1,21.3,8,1,10.2,8,1
2023/10/22,12.6,8,1,19.9,8,1,6.0,8,1
2023/10/23,13.8,8,1,22.7,8,1,6.8,8,1
2023/10/24,15.9,8,1,23.6,8,1,9.2,8,1
2023/10/25,16.3,8,1,21.4,8,1,11.7,8,1
2023/10/26,15.9,8,1,23.2,8,1,9.4,8,1
2023/10/27,16.1,8,1,23.2,8,1,9.8,8,1
2023/10/28,13.9,8,1,18.5,8,1,10.9,8,1
2023/10/29,12.2,8,1,16.4,8,1,9.2,8,1
2023/10/30,14.5,8,1,21.8,8,1,7.1,8,1
2023/10/31,15.5,8,1,21.5,8,1,10.5,8,1
2023/11/1,15.9,8,1,23.1,8,1,9.7,8,1
2023/11/2,14.7,8,1,23.6,8,1,9.4,8,1
2023/11/3,16.3,8,1,25.0,8,1,9.2,8,1
2023/11/4,18.1,8,1,25.2,8,1,11.9,8,1
2023/11/5,19.1,8,1,23.4,8,1,14.9,8,1
2023/11/6,20.5,8,1,25.3,8,1,14.9,8,1
2023/11/7,19.9,8,1,24.1,8,1,12.2,8,1
2023/11/8,13.7,8,1,20.1,8,1,8.5,8,1
2023/11/9,14.3,8,1,21.7,8,1,9.1,8,1
2023/11/10,13.3,8,1,15.8,8,1,9.7,8,1
2023/11/11,11.6,8,1,14.0,8,1,8.8,8,1
2023/11/12,8.7,8,1,9.8,8,1,7.5,8,1
2023/11/13,9.7,8,1,15.3,8,1,6.2,8,1
2023/11/14,10.1,8,1,18.3,8,1,1.7,8,1
2023/11/15,9.9,8,1,14.4,8,1,5.9,8,1
2023/11/16,10.9,8,1,17.6,8,1,3.5,8,1
2023/11/17,11.7,8,1,14.0,8,1,9.8,8,1
2023/11/18,9.2,8,1,15.7,8,1,4.6,8,1
2023/11/19,10.7,8,1,19.3,8,1,2.2,8,1
2023/11/20,9.6,8,1,18.2,8,1,3.4,8,1
2023/11/21,7.6,8,1,16.2,8,1,0.3,8,1
2023/11/22,10.2,8,1,19.0,8,1,2.3,8,1
2023/11/23,12.8,8,1,19.7,8,1,8.4,8,1
2023/11/24,13.9,8,1,23.4,8,1,6.0,8,1
2023/11/25,8.6,8,1,13.9,8,1,2.3,8,1
2023/11/26,6.8,8,1,7.7,8,1,5.2,8,1
2023/11/27,9.2,8,1,14.8,8,1,6.2,8,1
2023/11/28,11.6,8,1,20.7,8,1,4.0,8,1
2023/11/29,9.8,8,1,16.8,8,1,3.1,8,1
2023/11/30,8.2,8,1,16.4,8,1,1.7,8,1
2023/12/1,5.4,8,1,11.0,8,1,0.7,8,1
2023/12/2,5.2,8,1,12.9,8,1,-1.4,8,1
2023/12/3,6.0,8,1,12.9,8,1,-1.1,8,1
2023/12/4,5.8,8,1,14.2,8,1,-0.7,8,1
2023/12/5,5.3,8,1,10.3,8,1,-0.3,8,1
2023/12/6,9.6,8,1,16.1,8,1,6.4,8,1
2023/12/7,10.9,8,1,20.0,8,1,4.3,8,1
2023/12/8,10.1,8,1,17.5,8,1,3.2,8,1
2023/12/9,8.4,8,1,17.0,8,1,2.0,8,1
2023/12/10,10.3,8,1,19.8,8,1,2.4,8,1
2023/12/11,11.6,8,1,15.9,8,1,6.7,8,1
2023/12/12,11.5,8,1,15.4,8,1,8.9,8,1
2023/12/13,8.3,8,1,14.9,8,1,2.6,8,1
2023/12/14,7.6,8,1,14.4,8,1,0.2,8,1
2023/12/15,9.2,8,1,11.3,8,1,6.3,8,1
2023/12/16,14.6,8,1,19.4,8,1,8.5,8,1
2023/12/17,9.8,8,1,14.9,8,1,4.9,8,1
2023/12/18,5.3,8,1,10.7,8,1,-0.3,8,1
2023/12/19,4.6,8,1,10.3,8,1,-0.1,8,1
2023/12/20,5.9,8,1,13.2,8,1,1.3,8,1
2023/12/21,5.5,8,1,13.0,8,1,-1.7,8,1
2023/12/22,3.5,8,1,9.3,8,1,-3.3,8,1
2023/12/23,2.3,8,1,9.9,8,1,-4.0,8,1
2023/12/24,1.2,8,1,7.8,8,1,-3.2,8,1
2023/12/25,3.0,8,1,12.0,8,1,-4.2,8,1
2023/12/26,3.8,8,1,12.9,8,1,-3.5,8,1
2023/12/27,4.0,8,1,11.7,8,1,-2.5,8,1
2023/12/28,3.6,8,1,10.6,8,1,-2.5,8,1
2023/12/29,4.7,8,1,14.4,8,1,-2.7,8,1
2023/12/30,6.5,8,1,14.6,8,1,-0.8,8,1
2023/12/31,8.0,8,1,13.6,8,1,4.1,8,1
